1.0000    3.5185    1.1111         0         0
1.0000    3.3333    1.1111         0         0
2.0000    5.0000    4.6032         0         0
2.0000    4.7778    4.4444         0         0
3.0000    0.1389    0.1587    1.0000         0
3.0000    0.6667    1.1111         0         0
4.0000    3.5556    2.6667    1.0000    1.0000
4.0000    4.5556    2.6667         0    1.0000
5.0000    2.0000    1.5556         0         0
5.0000    3.0000    1.1111         0         0
6.0000    2.0000    1.7500         0         0
6.0000    2.5000    2.7500         0         0
7.0000    5.7500    6.2500         0         0
7.0000    2.7778    5.4545         0    1.0000
8.0000    1.2500    8.7500    1.0000    1.0000
8.0000    2.2222    3.4091         0    1.0000
9.0000    2.5000    4.0000         0         0
9.0000    8.6111    5.4545    1.0000    1.0000
10.0000    4.0000    5.5000         0         0
10.0000    8.3333    6.8182         0         0
11.0000    5.5000    6.0000         0         0
11.0000   10.8333   10.2273    1.0000         0
12.0000    2.2222    3.7500    1.0000    1.0000
12.0000    4.1667    2.2500         0    1.0000
13.0000         0         0         0         0
13.0000         0         0         0         0
14.0000    4.1667    4.7500         0         0
14.0000    5.2778    7.2500         0         0
15.0000    8.3333   12.0000    1.0000         0
15.0000    6.3889   11.5000         0         0
16.0000    6.6667    4.2500         0         0
16.0000    6.1111    5.2500         0         0
17.0000    2.2500    3.0000         0         0
17.0000    3.0000    3.0000         0         0
18.0000    1.7500    1.0000    1.0000         0
18.0000    3.2500    1.5000    1.0000         0
19.0000    3.0000    5.0000         0         0
19.0000    7.5000    3.2500         0         0
20.0000    0.5556    0.4167         0         0
20.0000    0.5000    2.1875         0         0
21.0000    8.3333    5.0000    1.0000         0
21.0000    5.0000    4.0625    1.0000         0
22.0000    6.1111    5.8333    1.0000         0
22.0000    3.5000    2.5000         0         0
23.0000    3.6111    3.7500         0         0
23.0000    1.5000    1.2500         0         0
24.0000    1.0000    1.0000         0         0
24.0000    0.5000    1.0000    1.0000         0
25.0000    1.7500    0.5000         0         0
25.0000    0.2500    0.7500         0         0
26.0000    1.7500    1.5000    1.0000         0
26.0000    1.5000    3.5000         0    1.0000
36.0000    2.5000    0.7500         0    1.0000
36.0000    1.0000    1.5000         0         0
37.0000    4.0000    7.0000    1.0000    1.0000
37.0000    4.0000    3.2500         0         0
38.0000    2.5000    1.5000         0         0
38.0000    9.0000   10.2500    1.0000         0
39.0000    3.2500    2.0000         0         0
39.0000    3.0000    1.5000    1.0000         0
40.0000    4.0000    4.5000         0         0
40.0000    5.2500    5.2500         0         0
41.0000   14.7500   17.7500         0         0
41.0000   17.0000   15.0000         0         0
42.0000   26.7500   26.5000         0         0
42.0000   21.5000   15.2500    1.0000    1.0000
43.0000   20.0000   22.2500    1.0000         0
43.0000   25.0000   23.7500    1.0000         0
44.0000    4.7500    4.0000         0         0
44.0000    5.5000    4.7500         0         0
45.0000    1.2500    0.5000         0         0
45.0000    1.0000    1.2500         0         0
46.0000    6.2500    5.2500         0         0
46.0000   11.2500   13.7500    1.0000         0
47.0000    1.0000    3.5000         0         0
47.0000    1.5000    1.2500         0         0
47.0000    7.7500    6.2500    1.0000         0
47.0000    2.5000    4.0000         0         0
48.0000    4.7500    3.7500         0         0
48.0000    3.0000    2.0000         0         0
48.0000    6.0000    2.7500         0         0
48.0000    2.5000    2.7500         0         0
49.0000   11.5000    9.7500    1.0000         0
49.0000   10.2500   11.7500    1.0000         0
49.0000   16.2500   11.0000    1.0000    1.0000
49.0000    7.7500    9.0000    1.0000         0
50.0000    7.0000    5.0000         0         0
50.0000    5.5000    9.7500         0         0
50.0000    3.7500    1.7500    1.0000         0
50.0000    5.0000    5.5000         0         0
51.0000    4.7500    4.0000         0         0
51.0000    3.5000    3.5000         0         0
51.0000    2.2500    2.2500         0         0
51.0000    2.7500    5.7500         0         0
52.0000    1.5000    4.5000         0    1.0000
52.0000    2.7500    2.5000         0         0
52.0000    3.0000    3.0000         0         0
52.0000    1.7500    2.7500         0    1.0000
53.0000    0.8333    0.3125    1.0000         0
53.0000    0.5556    0.3125    1.0000         0
54.0000    3.0556    1.8750         0         0
54.0000    3.8889    4.3750         0         0
55.0000    2.5000    4.3750         0         0
55.0000    3.6111    4.6875         0         0
56.0000   11.6667    9.0625         0         0
56.0000    6.9444    8.4375         0         0
57.0000    3.6111    5.6250         0         0
57.0000    3.6111    5.6250         0         0
58.0000    2.2222    1.5625         0         0
58.0000    1.6667    2.5000         0         0
59.0000    5.0000    5.3125         0         0
59.0000    3.0556    2.5000    1.0000         0
60.0000    2.7500    1.5000         0         0
60.0000    3.0000    2.7500    1.0000         0
61.0000    1.7500    1.0000         0         0
61.0000    0.7500    1.2500         0         0
62.0000    2.5000    5.5000    1.0000         0
62.0000    4.7500    4.0000    1.0000         0
63.0000    6.7500    6.0000    1.0000         0
63.0000    7.2500    6.5000    1.0000         0
64.0000    3.5000    2.5000         0         0
64.0000    2.0000    2.7500         0         0
65.0000    1.7500    1.5000         0         0
65.0000    1.7500    2.0000         0         0
66.0000    4.2500    5.2500    1.0000         0
66.0000    4.7500    5.5000    1.0000         0
67.0000    0.7500    2.5000    1.0000    1.0000
67.0000    3.7500    2.2500    1.0000    1.0000
68.0000    1.5000    2.0000         0         0
68.0000    3.5000    0.2500         0         0
69.0000    1.7500    2.7500         0         0
69.0000    0.5000    1.7500    1.0000         0
70.0000    5.6250    6.7857         0         0
70.0000    5.3571    3.3333         0         0
71.0000    3.7500    5.3571         0         0
71.0000    3.2143    6.6667         0         0
72.0000    6.5625    5.7143         0         0
72.0000    8.5714    5.4167         0         0
73.0000    1.8750    3.5714         0         0
73.0000    1.0714    2.9167    1.0000         0
74.0000    1.8750    4.2857    1.0000         0
74.0000    3.2143    5.8333         0         0
75.0000    3.4375    1.7857         0         0
75.0000    2.8571    2.9167         0         0
76.0000    1.2500    0.7143         0         0
76.0000    1.7857    0.4167         0         0
77.0000    5.6250    3.5714         0         0
77.0000    0.3571    3.3333         0    1.0000